0
28.2
26.489864235310883
20.102238681301145
10.319258345191162
3.6
5.198914458485558
15.164576192828976
23.68608208333252
9.092772139102102
4.366027035505404
19.24903696975615
13.332323077205965
6.842619657042708
27.743245239373817
25.857561761468297
22.269669633835036
17.050903943942263
10.638946691975285
6.203224967708329
8.271753931328535
14.089394231505567
19.710084752743676
7.609060909549608
10.995814685687984
23.95440920894308
16.258784558154204
8.688131456369932
26.604794667126576
20.727276714513174
12.305482547223955
8.0
28.2
26.604794667126576
20.727276714513174
12.305482547223955
8.0
8.688131456369932
16.258784558154204
23.95440920894308
10.995814685687984
7.609060909549608
19.710084752743676
14.089394148115753
8.271754111685478
27.743245239373817
25.857561761468297
22.269669633835036
17.050903943942263
10.638946691975285
6.203224967708329
6.842619875068612
13.332322989080899
19.249036951138454
4.366027035505403
9.092772089781631
23.686082059368854
15.164576215175765
5.198914500227059
26.489864235310883
20.102238681301145
10.319258345191162
3.6
28.2
26.489864235310883
20.102238681301145
10.319258345191162
3.6
5.198914500227059
15.164576215175765
23.686082059368854
9.092772089781631
4.366027035505402
19.249036951138454
13.332322989080897
6.842619875068613
27.743245239373817
25.857561761468297
22.269669633835036
17.050903943942263
10.638946691975285
6.203224967708329
8.271753750971579
14.089394314895372
19.710084752743676
7.609060909549607
10.995814685687982
23.954409232638312
16.258784669316075
8.688131656192235
26.604794667126576
20.727276714513174
12.305482547223955
8.0
28.2
26.604794667126576
20.727276714513174
12.305482547223955
8.0
8.688131656192235
16.258784669316075
23.954409232638312
10.99581435941114
7.609060909549608
19.71008460728601
14.089394314895374
8.271753750971579
27.743245239373817
25.857561761468297
22.269669633835036
17.050903943942263
10.638946691975287
6.20322496770833
6.842619875068616
13.332322989080899
19.24903710008008
4.366027035505406
9.092772484345527
23.686082059368854
15.164576095992949
5.198914166295328
26.489864235310883
20.102238681301145
10.319258345191162
3.6
28.2
26.489864235310883
20.10223868130114
10.31925834519116
3.6
5.19891445848556
15.16457466145787
23.686084089600087
9.092772139102095
4.366027035505404
19.249034308773158
13.33232154623372
6.842619657042702
27.74324507535791
25.857562852455537
22.269670740086944
17.050903943942263
10.638946691975278
6.203224967708329
8.27175393132853
14.089392831503728
19.710082263910774
7.609060909549608
10.995814685687977
23.954411084461125
16.258783216722694
8.688131456369934
26.604794667126576
20.72727671451317
12.305482547223953
8.0
28.2
26.604794667126576
20.72727671451317
12.305482547223953
8.0
8.688131456369932
16.258783216722694
23.954411084461125
10.995814685687977
7.609060909549608
19.710082263910774
14.089392748113902
8.271754111685473
27.74324507535791
25.857562852455537
22.269670740086944
17.050903943942263
10.638946691975278
6.203224967708329
6.842619875068606
13.332321458108636
19.24903429015545
4.366027035505403
9.092772089781624
23.686084065636432
15.164574683804664
5.198914500227061
26.489864235310883
20.10223868130114
10.31925834519116
3.6
28.2
26.489864235310883
20.10223868130114
10.31925834519116
3.6
5.198914500227061
15.164574683804664
23.686084065636432
9.092772089781624
4.366027035505402
19.24903429015545
13.332321458108636
6.842619875068606
27.74324507535791
25.857562852455537
22.269670740086944
17.050903943942263
10.638946691975276
6.203224967708329
8.271753750971573
14.089392914893548
19.71008226391077
7.609060909549607
10.995814685687977
23.954411108156346
16.258783327884583
8.688131656192237
26.604794667126576
20.72727671451317
12.305482547223953
8.0
28.2
26.604794667126576
20.72727671451317
12.305482547223953
8.0
8.688131656192237
16.258783327884583
23.954411108156346
10.995814359411133
7.609060909549608
19.71008211845305
14.08939291489355
8.271753750971573
27.74324507535791
25.857562852455537
22.269670740086944
17.050903943942263
10.638946691975278
6.20322496770833
6.84261987506861
13.332321458108638
19.249034439097134
4.366027035505406
9.092772484345518
23.686084065636432
15.164574564621825
5.198914166295331
26.489864235310883
20.10223868130114
10.31925834519116
3.6
